175916691669169166641681
175916691669169166641681
17591769166916916661681
17591769166916916661681
175917691669169166741681
175917691669169166741681
175917691669169167641681
175917691669169167641681
178917691669169166641681
178917691669169166641681
156817781668169169168641681
156817781668169169168641681
156817781668169169168641681
156817781668169169168641681
156817781668169169168641681
156817781668169169168641681
156817781668169169168641681
156817781668169169168641681
156817781668169169168641681
156817781668169169168641681
17816666816917816641681
17816666816917816641681
17816666816917816641681
17816666816917816641681
17816666816917816641681
17816666816917816641681
17816666816917816641681
17816666816917816641681
17816666816917816641681
17816666816917816641681
17816666816917816641681
17816666816917816641681
17816666816917816641681
17816666816917816641681
17816666816917816641681
17816666816917816641681
17816666816917816641681
17816666816917816641681
17816666816917816641681
17816666816917816641681
17816666816917816641681
17816666816917816641681
17816666816917816641681
17816666816917816641681
17816666816917816641681
17816666816917816641681
17816666816917816641681
17816666816917816641681
17816666816917816641681
17816666816917816641681
175917691669169166641681
175917691669169166641681
175917691669169166641681
175917691669169166641681
175917691669169166641681
175917691669169166641681
175917691669169166641681
175917691669169166641681
175917691669169166641681
175917691669169166641681
175917691669169166641681
175917691669169166641681
175917691669169166641681
175917691669169166641681
175917691669169166641681
175917691669169166641681
175917691669169166641681
175917691669169166641681
175917691669169166641681
175917691669169166641681
175917691669169166641681
175917691669169166641681
175917691669169166641681
175917691669169166641681
175917691669169166641681
175917691669169166641681
175917691669169166641681
175917691669169166641681
175917691669169166641681
175917691669169166641681
175917691669169166641681
175917691669169166641681
175917691669169166641681
175917691669169166641681
175917691669169166641681
175917691669169166641681
9166641681
195917691769168177641681
195917691669169166641681
17916666816917816641681
17817666816917816741681
17817666816917816641691
178168166816916416916681
17816816681
17816766816917817641681
1781676681691781664168
178166869166916641681
17816676816917816641681
17816667816917816741681
17816667816917816641781
17816667816917816641681
17816666817977816641681
17816666817917816641
178166668169181664168
17816666816917816646681
17816666816917816641781
1781666681691781664168
17816666816917316641681
17816666816917
17816666816916816641681
17816666316917816641681
17816
175917791669169166641781
175917791669169166641681
175917791619169166641681
175917691669769166641681
175917691669669166641681
175917691669169166641781
17591769166916916664168
1759176916691691641681
17591769166916
175917691
175917681669169166641681
175916779166916916674168
175717691669169166641681
17
16816676816717816641681
1681
1568177817781791691
156817781668179169168
15681778166816916916841681
156817781668169
1